Turn off the bidness side

b 1 50,50,50
2
3
4
5
6
78, 9, 11, 12, 13, 14, 15, 16, 17, 18, 19, 20, 21, 22, 23, 24, 25, 26, 27, 28, 29, 30, 31, 32, 33, 34, 35, 36, 37, 39, 40, 41, 42, 43, 
    
    44, 45,  # Tip of shoulder near head

    50, # Tail
    51, 52, 53, 54, 55, 56, 57, 58,  # Butt. Symetrical except for 51

    60, # Ears
    61, 62, 63, 64, 65, # Head
    66, 68, 70, 72, # Face
    73, 74, 75, 77, 78, 79, 82, # Nose
    80, 83, # Throat

    84, 85, 89 # Breast

    # Unlit??
    #86, 87, 88, # Arm
    ]

b 1 50,50,50
b 2 50,50,50
b 3 50,50,50
b 4 50,50,50
b 5 50,50,50
b 6 50,50,50
b 7 50,50,50
b 8 50,50,50
b 9 50,50,50
b 10 50,50,50
b 11 50,50,50
b 12 50,50,50
b 13 50,50,50
b 14 50,50,50
b 15 50,50,50
b 16 50,50,50
b 17 50,50,50
b 18 50,50,50
b 19 50,50,50
b 20 50,50,50
b 21 50,50,50
b 22 50,50,50
b 23 50,50,50
b 24 50,50,50
b 25 50,50,50
b 26 50,50,50
b 27 50,50,50
b 28 50,50,50
b 29 50,50,50
b 30 50,50,50
b 31 50,50,50
b 32 50,50,50
b 33 50,50,50
b 34 50,50,50
b 35 50,50,50
b 36 50,50,50
b 37 50,50,50
b 38 50,50,50
b 39 50,50,50
b 40 50,50,50
b 41 50,50,50
b 42 50,50,50
b 43 50,50,50
b 44 50,50,50
b 45 50,50,50

b 50 50,50,50
b 51 50,50,50
b 52 50,50,50
b 53 50,50,50
b 54 50,50,50
b 55 50,50,50
b 56 50,50,50
b 57 50,50,50
b 58 50,50,50

b 60 50,50,50
b 61 50,50,50
b 62 50,50,50
b 63 50,50,50
b 64 50,50,50
b 65 50,50,50
b 66 50,50,50
b 68 50,50,50
b 70 50,50,50
b 72 50,50,50
b 73 50,50,50
b 74 50,50,50
b 75 50,50,50
b 77 50,50,50
b 78 50,50,50
b 79 50,50,50
b 82 50,50,50
b 80 50,50,50
b 83 50,50,50
b 84 50,50,50
b 85 50,50,50
b 89 50,50,50



p 1 50,50,50
p 2 50,50,50
p 3 50,50,50
p 4 50,50,50
p 5 50,50,50
p 6 50,50,50
p 7 50,50,50
p 8 50,50,50
p 9 50,50,50
p 10 50,50,50
p 11 50,50,50
p 12 50,50,50
p 13 50,50,50
p 14 50,50,50
p 15 50,50,50
p 16 50,50,50
p 17 50,50,50
p 18 50,50,50
p 19 50,50,50
p 20 50,50,50
p 21 50,50,50
p 22 50,50,50
p 23 50,50,50
p 24 50,50,50
p 25 50,50,50
p 26 50,50,50
p 27 50,50,50
p 28 50,50,50
p 29 50,50,50
p 30 50,50,50
p 31 50,50,50
p 32 50,50,50
p 33 50,50,50
p 34 50,50,50
p 35 50,50,50
p 36 50,50,50
p 37 50,50,50
p 38 50,50,50
p 39 50,50,50
p 40 50,50,50
p 41 50,50,50
p 42 50,50,50
p 43 50,50,50
p 44 50,50,50
p 45 50,50,50

p 50 50,50,50
p 51 50,50,50
p 52 50,50,50
p 53 50,50,50
p 54 50,50,50
p 55 50,50,50
p 56 50,50,50
p 57 50,50,50
p 58 50,50,50

p 60 50,50,50
p 61 50,50,50
p 62 50,50,50
p 63 50,50,50
p 64 50,50,50
p 65 50,50,50
p 66 50,50,50
p 68 50,50,50
p 70 50,50,50
p 72 50,50,50
p 73 50,50,50
p 74 50,50,50
p 75 50,50,50
p 77 50,50,50
p 78 50,50,50
p 79 50,50,50
p 82 50,50,50
p 80 50,50,50
p 83 50,50,50
p 84 50,50,50
p 85 50,50,50
p 86 50,50,50
p 87 50,50,50
p 88 50,50,50
p 89 50,50,50
