a 1 141,211,199
a 2 255,255,179
a 3 190,186,218
a 4 251,128,114
a 5 128,177,211
a 6 253,180,98
a 7 179,222,105
a 8 252,205,229
a 9 217,217,217
a 10 188,128,189
a 11 204,235,197
a 12 255,237,111
a 13 141,211,199
a 14 255,255,179
a 15 190,186,218
a 16 251,128,114
a 17 128,177,211
a 18 253,180,98
a 19 179,222,105
a 20 252,205,229
a 21 217,217,217
a 22 188,128,189
a 23 204,235,197
a 24 255,237,111
a 25 141,211,199
a 26 255,255,179
a 27 190,186,218
a 28 251,128,114
a 29 128,177,211
a 30 253,180,98
a 31 179,222,105
a 32 252,205,229
a 33 217,217,217
a 34 188,128,189
a 35 204,235,197
a 36 255,237,111
a 37 141,211,199
a 38 255,255,179
a 39 190,186,218
a 40 251,128,114
a 41 128,177,211
a 42 253,180,98
a 43 179,222,105
a 59 0,255,0
