1   2,41    42
2   1,3,42    41,43
3   2,4,43    42,44
4   3,5,44    43,45
5   4,6,45    44,46
6   5,7,46    45,47
7   6,8,47    46,48
8   7,9,48    47,49
9   8,10,49    48,50
10   9,11,50    49,51
11   10,12,51    50,52
12   11,13,52    51,53
13   12,14,53    52,54
14   13,15,54    53,55
15   14,16,55    54,56
16   15,17,56    55,57
17   16,18,57    56,58
18   17,19,58    57,59
19   18,20,59    58,60
20   19,21,60    59,61
21   20,22,61    60,62
22   21,23,62    61,63
23   22,24,63    62,64
24   23,25,64    63,65
25   24,26,65    64,66
26   25,27,66    65,67
27   26,28,67    66,68
28   27,29,68    67,69
29   28,30,69    68,70
30   29,31,70    69,71
31   30,32,71    70,72
32   31,33,72    71,73
33   32,34,73    72,74
34   33,35,74    73,75
35   34,36,75    74,76
36   35,37,76    75,77
37   36,38,77    76,78
38   37,39,78    77,79
39   38,40,79    78,80
40   39,80    79
41   42,1,81    2,82
42   41,43,2,82    1,81,3,83
43   42,44,3,83    2,82,4,84
44   43,45,4,84    3,83,5,85
45   44,46,5,85    4,84,6,86
46   45,47,6,86    5,85,7,87
47   46,48,7,87    6,86,8,88
48   47,49,8,88    7,87,9,89
49   48,50,9,89    8,88,10,90
50   49,51,10,90    9,89,11,91
51   50,52,11,91    10,90,12,92
52   51,53,12,92    11,91,13,93
53   52,54,13,93    12,92,14,94
54   53,55,14,94    13,93,15,95
55   54,56,15,95    14,94,16,96
56   55,57,16,96    15,95,17,97
57   56,58,17,97    16,96,18,98
58   57,59,18,98    17,97,19,99
59   58,60,19,99    18,98,20,100
60   59,61,20,100    19,99,21,101
61   60,62,21,101    20,100,22,102
62   61,63,22,102    21,101,23,103
63   62,64,23,103    22,102,24,104
64   63,65,24,104    23,103,25,105
65   64,66,25,105    24,104,26,106
66   65,67,26,106    25,105,27,107
67   66,68,27,107    26,106,28,108
68   67,69,28,108    27,107,29,109
69   68,70,29,109    28,108,30,110
70   69,71,30,110    29,109,31,111
71   70,72,31,111    30,110,32,112
72   71,73,32,112    31,111,33,113
73   72,74,33,113    32,112,34,114
74   73,75,34,114    33,113,35,115
75   74,76,35,115    34,114,36,116
76   75,77,36,116    35,115,37,117
77   76,78,37,117    36,116,38,118
78   77,79,38,118    37,117,39,119
79   78,80,39,119    38,118,40,120
80   79,40,120    39,119
81   82,41,121    42,122
82   81,83,42,122    41,121,43,123
83   82,84,43,123    42,122,44,124
84   83,85,44,124    43,123,45,125
85   84,86,45,125    44,124,46,126
86   85,87,46,126    45,125,47,127
87   86,88,47,127    46,126,48,128
88   87,89,48,128    47,127,49,129
89   88,90,49,129    48,128,50,130
90   89,91,50,130    49,129,51,131
91   90,92,51,131    50,130,52,132
92   91,93,52,132    51,131,53,133
93   92,94,53,133    52,132,54,134
94   93,95,54,134    53,133,55,135
95   94,96,55,135    54,134,56,136
96   95,97,56,136    55,135,57,137
97   96,98,57,137    56,136,58,138
98   97,99,58,138    57,137,59,139
99   98,100,59,139    58,138,60,140
100   99,101,60,140    59,139,61,141
101   100,102,61,141    60,140,62,142
102   101,103,62,142    61,141,63,143
103   102,104,63,143    62,142,64,144
104   103,105,64,144    63,143,65,145
105   104,106,65,145    64,144,66,146
106   105,107,66,146    65,145,67,147
107   106,108,67,147    66,146,68,148
108   107,109,68,148    67,147,69,149
109   108,110,69,149    68,148,70,150
110   109,111,70,150    69,149,71,151
111   110,112,71,151    70,150,72,152
112   111,113,72,152    71,151,73,153
113   112,114,73,153    72,152,74,154
114   113,115,74,154    73,153,75,155
115   114,116,75,155    74,154,76,156
116   115,117,76,156    75,155,77,157
117   116,118,77,157    76,156,78,158
118   117,119,78,158    77,157,79,159
119   118,120,79,159    78,158,80,160
120   119,80,160    79,159
121   122,81,161    82,162
122   121,123,82,162    81,161,83,163
123   122,124,83,163    82,162,84,164
124   123,125,84,164    83,163,85,165
125   124,126,85,165    84,164,86,166
126   125,127,86,166    85,165,87,167
127   126,128,87,167    86,166,88,168
128   127,129,88,168    87,167,89,169
129   128,130,89,169    88,168,90,170
130   129,131,90,170    89,169,91,171
131   130,132,91,171    90,170,92,172
132   131,133,92,172    91,171,93,173
133   132,134,93,173    92,172,94,174
134   133,135,94,174    93,173,95,175
135   134,136,95,175    94,174,96,176
136   135,137,96,176    95,175,97,177
137   136,138,97,177    96,176,98,178
138   137,139,98,178    97,177,99,179
139   138,140,99,179    98,178,100,180
140   139,141,100,180    99,179,101,181
141   140,142,101,181    100,180,102,182
142   141,143,102,182    101,181,103,183
143   142,144,103,183    102,182,104,184
144   143,145,104,184    103,183,105,185
145   144,146,105,185    104,184,106,186
146   145,147,106,186    105,185,107,187
147   146,148,107,187    106,186,108,188
148   147,149,108,188    107,187,109,189
149   148,150,109,189    108,188,110,190
150   149,151,110,190    109,189,111,191
151   150,152,111,191    110,190,112,192
152   151,153,112,192    111,191,113,193
153   152,154,113,193    112,192,114,194
154   153,155,114,194    113,193,115,195
155   154,156,115,195    114,194,116,196
156   155,157,116,196    115,195,117,197
157   156,158,117,197    116,196,118,198
158   157,159,118,198    117,197,119,199
159   158,160,119,199    118,198,120,200
160   159,120,200    119,199
161   162,121,201    122,202
162   161,163,122,202    121,201,123,203
163   162,164,123,203    122,202,124,204
164   163,165,124,204    123,203,125,205
165   164,166,125,205    124,204,126,206
166   165,167,126,206    125,205,127,207
167   166,168,127,207    126,206,128,208
168   167,169,128,208    127,207,129,209
169   168,170,129,209    128,208,130,210
170   169,171,130,210    129,209,131,211
171   170,172,131,211    130,210,132,212
172   171,173,132,212    131,211,133,213
173   172,174,133,213    132,212,134,214
174   173,175,134,214    133,213,135,215
175   174,176,135,215    134,214,136,216
176   175,177,136,216    135,215,137,217
177   176,178,137,217    136,216,138,218
178   177,179,138,218    137,217,139,219
179   178,180,139,219    138,218,140,220
180   179,181,140,220    139,219,141,221
181   180,182,141,221    140,220,142,222
182   181,183,142,222    141,221,143,223
183   182,184,143,223    142,222,144,224
184   183,185,144,224    143,223,145,225
185   184,186,145,225    144,224,146,226
186   185,187,146,226    145,225,147,227
187   186,188,147,227    146,226,148,228
188   187,189,148,228    147,227,149,229
189   188,190,149,229    148,228,150,230
190   189,191,150,230    149,229,151,231
191   190,192,151,231    150,230,152,232
192   191,193,152,232    151,231,153,233
193   192,194,153,233    152,232,154,234
194   193,195,154,234    153,233,155,235
195   194,196,155,235    154,234,156,236
196   195,197,156,236    155,235,157,237
197   196,198,157,237    156,236,158,238
198   197,199,158,238    157,237,159,239
199   198,200,159,239    158,238,160,240
200   199,160,240    159,239
201   202,161,241    162,242
202   201,203,162,242    161,241,163,243
203   202,204,163,243    162,242,164,244
204   203,205,164,244    163,243,165,245
205   204,206,165,245    164,244,166,246
206   205,207,166,246    165,245,167,247
207   206,208,167,247    166,246,168,248
208   207,209,168,248    167,247,169,249
209   208,210,169,249    168,248,170,250
210   209,211,170,250    169,249,171,251
211   210,212,171,251    170,250,172,252
212   211,213,172,252    171,251,173,253
213   212,214,173,253    172,252,174,254
214   213,215,174,254    173,253,175,255
215   214,216,175,255    174,254,176,256
216   215,217,176,256    175,255,177,257
217   216,218,177,257    176,256,178,258
218   217,219,178,258    177,257,179,259
219   218,220,179,259    178,258,180,260
220   219,221,180,260    179,259,181,261
221   220,222,181,261    180,260,182,262
222   221,223,182,262    181,261,183,263
223   222,224,183,263    182,262,184,264
224   223,225,184,264    183,263,185,265
225   224,226,185,265    184,264,186,266
226   225,227,186,266    185,265,187,267
227   226,228,187,267    186,266,188,268
228   227,229,188,268    187,267,189,269
229   228,230,189,269    188,268,190,270
230   229,231,190,270    189,269,191,271
231   230,232,191,271    190,270,192,272
232   231,233,192,272    191,271,193,273
233   232,234,193,273    192,272,194,274
234   233,235,194,274    193,273,195,275
235   234,236,195,275    194,274,196,276
236   235,237,196,276    195,275,197,277
237   236,238,197,277    196,276,198,278
238   237,239,198,278    197,277,199,279
239   238,240,199,279    198,278,200,280
240   239,200,280    199,279
241   242,201,281    202,282
242   241,243,202,282    201,281,203,283
243   242,244,203,283    202,282,204,284
244   243,245,204,284    203,283,205,285
245   244,246,205,285    204,284,206,286
246   245,247,206,286    205,285,207,287
247   246,248,207,287    206,286,208,288
248   247,249,208,288    207,287,209,289
249   248,250,209,289    208,288,210,290
250   249,251,210,290    209,289,211,291
251   250,252,211,291    210,290,212,292
252   251,253,212,292    211,291,213,293
253   252,254,213,293    212,292,214,294
254   253,255,214,294    213,293,215,295
255   254,256,215,295    214,294,216,296
256   255,257,216,296    215,295,217,297
257   256,258,217,297    216,296,218,298
258   257,259,218,298    217,297,219,299
259   258,260,219,299    218,298,220,300
260   259,261,220,300    219,299,221,301
261   260,262,221,301    220,300,222,302
262   261,263,222,302    221,301,223,303
263   262,264,223,303    222,302,224,304
264   263,265,224,304    223,303,225,305
265   264,266,225,305    224,304,226,306
266   265,267,226,306    225,305,227,307
267   266,268,227,307    226,306,228,308
268   267,269,228,308    227,307,229,309
269   268,270,229,309    228,308,230,310
270   269,271,230,310    229,309,231,311
271   270,272,231,311    230,310,232,312
272   271,273,232,312    231,311,233,313
273   272,274,233,313    232,312,234,314
274   273,275,234,314    233,313,235,315
275   274,276,235,315    234,314,236,316
276   275,277,236,316    235,315,237,317
277   276,278,237,317    236,316,238,318
278   277,279,238,318    237,317,239,319
279   278,280,239,319    238,318,240,320
280   279,240,320    239,319
281   282,241,321    242,322
282   281,283,242,322    241,321,243,323
283   282,284,243,323    242,322,244,324
284   283,285,244,324    243,323,245,325
285   284,286,245,325    244,324,246,326
286   285,287,246,326    245,325,247,327
287   286,288,247,327    246,326,248,328
288   287,289,248,328    247,327,249,329
289   288,290,249,329    248,328,250,330
290   289,291,250,330    249,329,251,331
291   290,292,251,331    250,330,252,332
292   291,293,252,332    251,331,253,333
293   292,294,253,333    252,332,254,334
294   293,295,254,334    253,333,255,335
295   294,296,255,335    254,334,256,336
296   295,297,256,336    255,335,257,337
297   296,298,257,337    256,336,258,338
298   297,299,258,338    257,337,259,339
299   298,300,259,339    258,338,260,340
300   299,301,260,340    259,339,261,341
301   300,302,261,341    260,340,262,342
302   301,303,262,342    261,341,263,343
303   302,304,263,343    262,342,264,344
304   303,305,264,344    263,343,265,345
305   304,306,265,345    264,344,266,346
306   305,307,266,346    265,345,267,347
307   306,308,267,347    266,346,268,348
308   307,309,268,348    267,347,269,349
309   308,310,269,349    268,348,270,350
310   309,311,270,350    269,349,271,351
311   310,312,271,351    270,350,272,352
312   311,313,272,352    271,351,273,353
313   312,314,273,353    272,352,274,354
314   313,315,274,354    273,353,275,355
315   314,316,275,355    274,354,276,356
316   315,317,276,356    275,355,277,357
317   316,318,277,357    276,356,278,358
318   317,319,278,358    277,357,279,359
319   318,320,279,359    278,358,280,360
320   319,280,360    279,359
321   322,281,361    282,362
322   321,323,282,362    281,361,283,363
323   322,324,283,363    282,362,284,364
324   323,325,284,364    283,363,285,365
325   324,326,285,365    284,364,286,366
326   325,327,286,366    285,365,287,367
327   326,328,287,367    286,366,288,368
328   327,329,288,368    287,367,289,369
329   328,330,289,369    288,368,290,370
330   329,331,290,370    289,369,291,371
331   330,332,291,371    290,370,292,372
332   331,333,292,372    291,371,293,373
333   332,334,293,373    292,372,294,374
334   333,335,294,374    293,373,295,375
335   334,336,295,375    294,374,296,376
336   335,337,296,376    295,375,297,377
337   336,338,297,377    296,376,298,378
338   337,339,298,378    297,377,299,379
339   338,340,299,379    298,378,300,380
340   339,341,300,380    299,379,301,381
341   340,342,301,381    300,380,302,382
342   341,343,302,382    301,381,303,383
343   342,344,303,383    302,382,304,384
344   343,345,304,384    303,383,305,385
345   344,346,305,385    304,384,306,386
346   345,347,306,386    305,385,307,387
347   346,348,307,387    306,386,308,388
348   347,349,308,388    307,387,309,389
349   348,350,309,389    308,388,310,390
350   349,351,310,390    309,389,311,391
351   350,352,311,391    310,390,312,392
352   351,353,312,392    311,391,313,393
353   352,354,313,393    312,392,314,394
354   353,355,314,394    313,393,315,395
355   354,356,315,395    314,394,316,396
356   355,357,316,396    315,395,317,397
357   356,358,317,397    316,396,318,398
358   357,359,318,398    317,397,319,399
359   358,360,319,399    318,398,320,400
360   359,320,400    319,399
361   362,321    322
362   361,363,322    321,323
363   362,364,323    322,324
364   363,365,324    323,325
365   364,366,325    324,326
366   365,367,326    325,327
367   366,368,327    326,328
368   367,369,328    327,329
369   368,370,329    328,330
370   369,371,330    329,331
371   370,372,331    330,332
372   371,373,332    331,333
373   372,374,333    332,334
374   373,375,334    333,335
375   374,376,335    334,336
376   375,377,336    335,337
377   376,378,337    336,338
378   377,379,338    337,339
379   378,380,339    338,340
380   379,381,340    339,341
381   380,382,341    340,342
382   381,383,342    341,343
383   382,384,343    342,344
384   383,385,344    343,345
385   384,386,345    344,346
386   385,387,346    345,347
387   386,388,347    346,348
388   387,389,348    347,349
389   388,390,349    348,350
390   389,391,350    349,351
391   390,392,351    350,352
392   391,393,352    351,353
393   392,394,353    352,354
394   393,395,354    353,355
395   394,396,355    354,356
396   395,397,356    355,357
397   396,398,357    356,358
398   397,399,358    357,359
399   398,400,359    358,360
400   399,360    359
